4
6
7
7
9
10
10
10
10
11
11
11
11
11
11
12
12
12
12
13
13
13
13
13
13
13
13
14
14
14
14
14
14
14
15
15
15
15
16
16
16
16
16
17
17
17
17
17
17
17
18
18
18
19
19
19
19
19
19
20
20
21
21
21
22
23
25
26
38
39
46
48
57
64
65
66
66
67
79
85
88
89
92
92
95
99
109
110
110
110
111
111
111
112
112
112
112
113
113
113
113
113
114
114
114
114
114
115
115
115
116
116
116
116
116
116
116
116
116
117
117
117
117
117
118
118
118
118
119
119
119
120
120
120
121
121
122
123
127
127
158
159
167
168
169
170
171
172
172
175
177
177
178
180
181
181
181
182
182
182
184
185
185
185
186
186
186
187
187
188
190
190
191
192
192
192
193
194
195
195
195
196
197
197
197
198
198
199
200
203
203
203
205
205
205
205
205
206
206
206
208
209
209
209
210
210
210
210
210
211
211
211
211
211
211
211
212
212
212
212
212
212
212
212
212
212
213
213
213
213
213
213
213
213
214
214
214
215
215
215
215
215
216
216
216
216
217
217
218
218
218
218
218
218
218
218
219
219
220
220
221
222
222
223
223
225
227
227
227
231
231
239
255
259
266
268
269
277
277
279
282
286
287
287
289
302
305
308
309
309
310
310
311
311
311
311
311
312
312
312
312
312
314
314
315
315
316
316
316
316
317
317
317
317
318
318
318
318
318
318
318
318
319
319
319
319
319
319
319
320
322
324
326
337
338
349
358
366
381
383
387
389
410
410
410
410
410
410
410
411
411
411
412
412
413
413
413
413
414
414
415
415
416
416
416
416
416
416
416
417
417
417
417
418
418
418
418
419
419
419
419
419
419
420
420
420
420
421
422
424
428
434
439
456
463
465
468
468
478
478
487
488
489
497
497
510
510
510
510
511
511
511
512
512
512
512
512
513
513
514
514
514
515
515
515
515
515
515
515
516
516
516
516
516
516
516
517
517
518
518
518
518
519
519
519
519
520
520
521
521
522
522
524
524
528
529
536
539
544
545
546
548
558
559
566
567
574
586
605
608
608
609
610
610
610
611
611
611
611
611
612
612
612
612
613
613
613
613
613
613
614
614
614
614
614
615
615
615
615
615
615
615
615
615
616
616
616
616
616
617
617
617
617
617
618
618
618
618
618
619
619
620
621
621
621
622
622
623
623
624
625
626
629
635
639
657
657
660
665
668
669
677
679
680
689
698
707
710
710
710
710
710
710
710
711
711
711
711
711
711
712
712
713
714
714
714
714
714
714
714
714
715
715
715
716
716
716
716
716
716
717
717
717
717
718
718
718
719
719
719
719
719
720
720
721
721
721
722
722
722
723
724
759
765
767
778
779
779
785
789
792
799
802
808
809
810
810
810
810
810
811
811
811
811
811
811
811
812
812
813
813
813
814
814
815
815
815
815
816
816
816
817
817
817
817
817
818
818
819
819
819
819
819
819
820
822
823
823
839
848
848
854
854
858
859
867
868
896
898
910
910
910
910
911
911
911
911
911
912
912
913
913
913
913
913
913
914
914
915
915
915
916
916
916
917
917
917
917
918
918
918
919
919
919
919
920
920
920
920
920
921
921
921
922
923
923
924
924
926
928
929
935
945
948
949
954
959
965
966
967
976
987
995
997
998
1008
1009
1010
1010
1011
1011
1011
1011
1011
1011
1011
1012
1012
1012
1012
1012
1013
1013
1013
1013
1013
1013
1013
1014
1014
1014
1014
1015
1015
1016
1016
1017
1017
1017
1018
1018
1019
1020
1020
1021
1021
1022
1022
1022
1035
1049
1056
1057
1058
1068
1069
1069
1087
1099
1099
1108
1108
1110
1110
1110
1110
1110
1110
1111
1111
1111
1111
1111
1111
1111
1113
1113
1113
1113
1113
1113
1113
1113
1113
1113
1114
1114
1114
1114
1114
1115
1115
1115
1116
1116
1116
1117
1117
1117
1117
1117
1118
1118
1118
1118
1119
1119
1119
1119
1119
1120
1120
1120
1120
1122
1122
1125
1126
1137
1147
1149
1156
1156
1158
1159
1159
1176
1179
1189
1195
1198
1199
1210
1210
1210
1210
1211
1211
1211
1212
1212
1212
1212
1213
1213
1213
1213
1213
1214
1214
1214
1214
1214
1215
1215
1215
1215
1215
1215
1215
1216
1216
1216
1216
1216
1216
1216
1216
1217
1217
1217
1217
1217
1217
1217
1218
1218
1218
1219
1219
1219
1220
1220
1220
1222
1222
1223
1225
1226
1227
1237
1238
1239
1243
1248
1254
1265
1273
1276
1279
1287
1289
1295
1299
1304
1310
1310
1311
1311
1311
1312
1312
1312
1312
1312
1313
1314
1314
1314
1314
1314
1314
1314
1314
1314
1315
1315
1315
1316
1316
1316
1317
1318
1318
1318
1318
1318
1319
1319
1319
1319
1319
1320
1321
1321
1323
1323
1323
1324
1325
1326
1327
1329
1334
1336
1345
1354
1355
1367
1367
1369
1371
1375
1378
1382
1384
1388
1389
1394
1406
1407
1410
1410
1410
1410
1410
1410
1410
1410
1411
1411
1412
1412
1412
1412
1412
1412
1412
1412
1413
1413
1413
1413
1414
1414
1414
1415
1415
1415
1415
1415
1415
1416
1416
1416
1416
1417
1417
1417
1418
1418
1419
1420
1420
1420
1421
1421
1422
1423
1424
1424
1424
1436
1439
1439
1445
1446
1448
1457
1458
1475
1478
1482
1487
1488
1489
1489
1493
1498
1508
1510
1510
1511
1511
1511
1511
1511
1511
1512
1512
1514
1514
1514
1514
1514
1514
1514
1514
1515
1515
1515
1515
1515
1515
1515
1516
1516
1516
1517
1517
1517
1517
1517
1517
1517
1517
1518
1518
1518
1519
1519
1519
1521
1522
1523
1536
1536
1538
1538
1539
1544
1549
1551
1555
1556
1586
1588
1589
1592
1599
1610
1610
1610
1611
1611
1611
1611
1611
1611
1611
1611
1611
1612
1612
1612
1612
1612
1612
1612
1612
1613
1613
1613
1613
1613
1613
1615
1615
1615
1616
1616
1616
1616
1617
1618
1618
1619
1619
1621
1621
1621
1621
1623
1623
1634
1639
1648
1656
1656
1657
1669
1676
1686
1706
1707
1710
1710
1710
1710
1711
1711
1711
1711
1711
1711
1711
1712
1712
1712
1712
1713
1713
1713
1713
1713
1714
1714
1714
1715
1715
1716
1716
1716
1716
1717
1717
1717
1717
1718
1718
1718
1718
1718
1718
1718
1719
1719
1721
1721
1722
1724
1725
1727
1727
1729
1729
1734
1757
1758
1769
1773
1776
1786
1787
1794
1796
1808
1809
1810
1810
1810
1811
1811
1811
1811
1811
1812
1812
1812
1812
1812
1813
1813
1813
1814
1814
1814
1815
1815
1815
1815
1815
1815
1816
1816
1817
1817
1818
1818
1818
1818
1818
1818
1818
1818
1818
1818
1819
1819
1819
1819
1820
1820
1820
1821
1821
1821
1821
1822
1823
1825
1829
1845
1868
1869
1889
1897
1899
1903
1910
1910
1910
1911
1911
1911
1911
1912
1912
1913
1913
1913
1913
1913
1914
1914
1914
1914
1914
1914
1914
1915
1915
1915
1915
1916
1916
1916
1916
1916
1916
1917
1917
1917
1917
1917
1917
1918
1918
1918
1918
1919
1919
1919
1919
1920
1921
1922
1922
1922
1926
1934
1938
1959
1961
1969
1977
1995
1998
2007
2010
2010
2010
2010
2010
2010
2011
2011
2011
2012
2012
2012
2012
2012
2013
2013
2013
2014
2014
2014
2014
2014
2014
2015
2015
2015
2015
2015
2016
2016
2016
2017
2017
2017
2018
2018
2018
2019
2019
2019
2020
2020
2020
2021
2021
2023
2023
2024
2026
2034
2038
2049
2085
2096
2119
2124
2211
2213
2219
2420
2512
2514
2720
3411
3510
3511
3613
3616
3713
3815
3914
4018
4019
4216
4220
4317
4322
4410
4417
4610
4613
4615
4618
4618
4712
4913
5010
5015
5211
5317
5418
5511
5512
5513
5617
5711
6014
6016
6110
6313
6511
6613
6618
6620
6711
6713
6817
6822
7012
7021
7117
7120
7221
7314
7315
7511
7515
7518
7519
7612
7614
7618
7712
7715
7813
7917
8017
8114
8116
8215
8317
8320
8511
8624
